1 1 1 
1 2 
3 
=====
Liczba kombinacji: 3

XXX

XXX

1 1 1 1 1 
1 1 1 2 
1 1 3 
1 2 2 
1 4 
2 3 
5 
=====
Liczba kombinacji: 7

1 1 1 1 1 1 
1 1 1 1 2 
1 1 1 3 
1 1 2 2 
1 1 4 
1 2 3 
1 5 
2 2 2 
2 4 
3 3 
6 
=====
Liczba kombinacji: 11

1 1 1 1 1 1 1 
1 1 1 1 1 2 
1 1 1 1 3 
1 1 1 2 2 
1 1 1 4 
1 1 2 3 
1 1 5 
1 2 2 2 
1 2 4 
1 3 3 
1 6 
2 2 3 
2 5 
3 4 
7 
=====
Liczba kombinacji: 15

1 1 1 1 1 
1 1 1 2 
1 1 3 
1 2 2 
1 4 
2 3 
5 
=====
Liczba kombinacji: 7

1 1 1 1 1 1 1 1 1 
1 1 1 1 1 1 1 2 
1 1 1 1 1 1 3 
1 1 1 1 1 2 2 
1 1 1 1 1 4 
1 1 1 1 2 3 
1 1 1 1 5 
1 1 1 2 2 2 
1 1 1 2 4 
1 1 1 3 3 
1 1 1 6 
1 1 2 2 3 
1 1 2 5 
1 1 3 4 
1 1 7 
1 2 2 2 2 
1 2 2 4 
1 2 3 3 
1 2 6 
1 3 5 
1 4 4 
1 8 
2 2 2 3 
2 2 5 
2 3 4 
2 7 
3 3 3 
3 6 
4 5 
9 
=====
Liczba kombinacji: 30

